494007
715126
241391
851705
904013
692621
886081
273733
709837
773464
815188
395915
746321
59101
176955
994623
644089
953293
371409
353924
329079
828611
185587
79523
127185
344561
546661
600680
309380
645538
992463
575095
42569
804464
916960
502570
747523
171948
12442
600351
807675
740975
100725
396336
421144
243583
722414
555949
143284
458693
436291
174256
328131
129187
770124
137013
244565
961533
159742
182616
116592
412699
14939
981519
717051
356798
258809
890507
430181
267837
301343
36258
890870
255164
428655
35979
407037
144615
15944
972439
376476
811107
805301
206583
820638
137311
728764
232928
975188
298298
402476
61327
600837
553427
469608
543182
307799
364508
427692
651088
723376
453165
440275
967890
774556
360546
903300
544499
706136
178965
213409
845370
709766
387764
268324
716354
200436
144610
718767
181736
844340
958661
886855
405551
415632
403459
567676
336878
439530
415117
638770
399612
365314
765313
516469
84280
705157
498782
18584
452811
173382
481468
119682
376711
365595
718168
418184
794937
928276
767469
873791
399821
486822
406953
519256
937724
823640
683105
402262
745664
927775
618046
971172
235984
573712
139170
482715
788197
29336
247935
780110
910469
341714
50534
966961
592764
404196
35850
85209
489497
669515
905037
894710
941618
940897
332284
247524
876366
146871
267753
351721
307493
385326
781377
427570
499601
808494
990147
873181
857276
112944
311726
77228
253053
497261
143657
443091
817792
955032
80129
21807
182881
681817
947235
390443
785745
192235
262802
58033
128460
466877
208379
732968
813847
78678
838605
243748
774233
784486
47178
769235
355152
509955
758797
305104
819548
4543
922919
969882
397653
698244
147868
837031
223503
452844
232764
468762
371137
967856
429954
222759
731839
574943
2051
704792
658367
34482
525399
448172
142905
734110
435734
15265
792591
381424
511964
236794
19728
881663
350504
231433
673432
596099
395232
181155
805222
587952
757114
577123
383175
780081
882740
796352
547566
172287
112441
421179
435491
395980
306362
671564
692782
920082
10824
684496
538623
164421
87475
145310
651540
625502
334200
952449
205075
874430
389448
180238
97228
947890
130569
593481
789823
220471
851973
363207
202317
320253
740331
434635
789082
29458
551783
206465
270051
398104
940010
794817
481678
490986
584271
175694
468486
286916
122909
926566
245024
254085
910559
120699
623924
36489
786218
167111
127758
503776
364535
34529
280765
140508
844122
349503
511066
380689
964400
316813
484802
29564
536410
274596
940716
357065
923241
967086
997005
795929
952154
294664
461843
432374
3186
383885
894810
638364
437961
309427
38505
261878
107637
695409
767961
765233
410338
725282
890057
581378
256154
797509
965914
744225
341707
178501
826359
541463
336483
524793
603857
536932
939591
73193
913858
814509
278282
630643
284365
706603
788516
234808
54569
587740
543076
501893
741720
537326
974139
229953
309999
805608
74952
783986
865935
52926
459156
153321
52027
274785
106555
342365
813506
173874
230511
932493
272785
495052
464894
235888
161928
500469
487430
451410
635566
329347
271490
628048
315001
460588
389825
43294
98791
876282
181418
811785
615968
810275
136597
153788
195067
158385
555743
773659
875502
725461
393350
225110
297367
489362
211916
973176
271582
973089
339081
101994
454359
633654
646622
263039
828289
899926
851347
510203
626925
121574
875655
126119
930549
227343
599453
408396
407890
333306
285310
654913
581863
890349
65198
264123
557003
215039
139849
949272
362040
409153
760695
554740
933188
740531
639572
858195
291982
531545
162811
44016
656115
481371
674005
241449
62535
134363
133748
635218
579100
899229
664756
176814
334460
622339
847306
851458
405382
223367
142562
788722
66524
312608
490343
244073
29806
26707
953058
624080
78769
543143
258988
279829
937935
863718
235801
751048
307984
493420
419108
507732
744628
583418
571081
6571
462399
955576
450593
56212
204116
180763
939044
68423
32646
544354
544959
761478
273607
299717
385671
277564
866017
84108
975823
477821
62445
751265
540128
386577
761036
161153
111772
370639
748867
659665
378034
659983
789401
79739
91155
242971
796375
100221
875165
2192
302298
709939
428338
196325
51763
341847
446136
38893
828151
965710
70940
176568
556829
57709
312581
327654
318802
901442
677597
205681
155803
117235
195379
123511
451189
665241
135773
350134
230516
822755
975435
375337
941528
797254
589153
726685
145357
704076
217568
878760
79037
611302
494153
96368
234027
234244
702023
761420
936239
648113
475071
847465
410145
79811
358148
726346
962871
438420
997419
418229
733717
748849
244759
729229
920425
64228
128957
460155
515511
750027
471731
15373
364366
256509
907971
292560
791365
626004
207341
692116
131039
17624
88316
449280
248465
474440
165900
262483
536317
6739
280766
368236
935612
819898
220196
795869
243004
176526
760192
524673
339524
949909
33294
661529
4037
399428
458106
558845
659191
78506
854207
649
738509
71768
910095
198921
360322
950480
871979
362786
647548
933977
177694
29906
341922
749654
772718
182462
327085
595240
14198
409344
297004
424462
394091
21681
84539
500821
793983
80605
99506
794101
621830
754162
916455
330362
974826
284506
299404
48539
922772
117064
854117
65427
112798
420081
58086
505674
158966
305984
634178
214588
699220
555256
105998
738904
577377
539009
901333
934311
339246
338224
554598
438413
119722
765608
400062
33946
41584
110298
644651
619430
446967
946139
862490
103091
638899
271017
762898
40763
323007
577755
549367
249607
608415
196299
309127
946874
252085
392492
651235
186576
812267
260407
245674
496788
514449
403315
6782
656480
927111
762523
411397
493108
994809
723913
845430
430875
582546
808703
932137
274421
448097
838007
511190
373849
477862
449994
309718
884381
97088
243976
374803
307547
996652
627505
21494
880740
706392
650563
391211
668033
88823
725196
712497
397617
527360
149444
9382
189782
781177
312201
324284
758431
40456
391524
107078
194568
658302
657937
713743
415452
235248
148713
610602
761751
724829
457000
784392
756502
415147
49976
547485
457820
845934
669462
128041
655757
369013
411852
603111
20387
736853
643737
987576
570908
186872
125466
452962
254475
978452
586923
717541
998697
235102
528146
622760
333165
245974
201955
790927
563064
88954
576616
45217
521890
551781
573591
965442
130466
848196
28791
551653
345907
552840
635279
472549
596885
511649
591217
786771
470471
223759
798920
342558
241054
336410
239171
284878
813251
446139
579570
229029
788447
357527
166465
695812
658522
315027
297104
345807
580547
493931
71980
398879
792646
213256
186875
379931
493934
916375
739966
993072
930395
954444
501407
493723
503721
603195
121126
401846
951636
545447
435141
779330
35866
259642
371535
580744
717907
369030
954276
778999
502903
26592
556411
66145
488425
837557
863726
934370
667604
654403
975769
853422
205046
818454
693236
78064
729124
67700
319002
342781
165718
382263
234680
330855
276142
496871
105401
341078
855953
674033
812568
17694
501545
602058
117670
357881
957848
958851
619813
465878
323175
265421
785437
684066
806191
142283
700762
798646
305172
977458
725824
991224
811180
316520
413545
87468
524454
993160
898078
440162
617288
132986
453760
476332
776846
683782
79318
536787
17802
52222
771532
141282
767416
760021
618414
223632
894571
771794
963974
198518
179518
292361
675038
945335
702493
383032
975080
924317
767101
704392
400909
676328
268270
57367
185086
900060
864801
164866
770277
149031
922970
313048
221330
945662
960345
54273
16662
770825
237912
163035
72632
954662
223811
431733
882888
968088
883425
694823
339240
994276
138259
677964
141448
945578
379993
883001
700364
283678
626281
740122
92214
99442
761334
685324
931332
913800
316986
654291
994544
572122
418930
723064
52397
421933
847961
271399
640805
687465
647551
96437
441231
584398
346739
362352
528338
254289
661296
135883
991131
40584
486297
528154
336916
976705
99686
139979
646978
611628
759125
590806
668708
459471
293339
400765
900964
427008
864392
390754
257784
546656
808759
67267
80135
222352
352743
166683
106199
981902
41772
647993
507774
421721
923252
943419
253683
628560
879137
203197
870655
867667
17070
603735
137966
737981
697861
527673
374195
312330
602302
569837
752770
4246
221757
874871
517549
32874
294624
270308
60508
393618
4774
23123
570664
184518
208201
818303
366703
986991
560621
734741
85327
754476
181410
576754
613179
323620
408231
908789
22253
230054
271919
536396
797042
984419
552583
978295
326218
344209
665644
682368
972482
403098
170422
352691
31288
511840
394111
775186
542438
143428
520407
956268
228174
820099
504767
221863
797143
130913
347209
163405
475735
685990
578761
962964
906593
577149
299112
681388
488661
544558
740729
551367
823964
585152
128614
181568
183383
180932
555115
848518
807008
673937
695600
729653
414218
569506
453561
13961
514465
710631
42583
315922
981800
333552
587891
713925
884513
988394
61562
36131
745812
188525
253228
724741
252299
438437
522031
723890
924068
982362
275772
356886
413571
214419
479660
85307
909960
196043
9763
375416
591451
137493
335177
636671
190308
17700
838178
342586
513374
740295
63004
995948
195647
353556
321675
558431
55223
898156
379147
328885
164977
388968
390324
25086
159708
285804
867897
501
357011
562872
222654
110632
985989
147855
336865
732732
189952
68889
706553
838248
497611
121370
919870
819032
141821
246392
626540
976449
945745
98746
697232
196693
493391
474806
971955
356190
954803
369243
852990
427682
245727
434421
10585
90622
167428
527411
638572
888757
794385
847008
22266
623274
655905
886706
662459
721665
192298
59509
836991
780451
557027
386579
275368
344182
83373
84089
572048
253621
637432
231312
70486
572793
638838
957827
212731
187579
746464
748885
768283
657786
78360
535334
931147
800162
363569
208160
5446
781535
607984
77567
287651
209308
697268
582655
797450
820771
856898
250140
709442
893220
42736
499197
694314
423601
145084
394383
890852
459444
355020
859727
899056
702073
163860
184468
9861
648615
244923
874550
868389
91062
901360
33852
905356
748674
854588
495298
165196
174251
894987
864329
609691
845316
319814
485895
582290
528005
142848
100979
881049
584477
776134
619808
807022
883902
256227
6290
630164
372609
115687
741852
146240
160711
685119
716723
385912
190559
951911
682850
81155
166605
98842
595026
194322
446801
499099
265411
671625
22369
253786
761555
595523
545828
323835
889116
79398
606407
930304
917894
573167
97464
175354
433395
729846
572319
770790
826056
620852
942896
351845
466369
881715
739826
100974
56541
320091
423194
309744
997948
624433
909832
66463
868537
74331
566108
473032
265452
572496
404397
666557
335543
893587
116917
449580
290057
776464
882411
517379
79693
374199
589114
111567
192323
620109
231740
426340
228073
268243
760715
247002
505106
723240
588634
109982
454291
287145
291958
739392
972124
119725
785170
637215
218607
34012
390189
482565
570459
230264
775522
429998
569884
209216
697708
487706
745282
399427
841826
903476
122652
483769
828354
889614
95076
16488
630437
77622
72562
685012
228618
809225
995640
489604
319340
742402
363512
189150
289059
279433
901160
592842
467518
8498
369730
665169
881809
691226
310619
955619
347035
325625
706085
564664
749943
467184
637836
714049
808640
300467
29922
2108
424500
919369
473411
593766
981651
896268
947686
920095
594928
498618
976856
943720
358914
846104
389636
684084
108752
892306
387203
490505
67610
361876
65906
501183
26225
677571
890346
832728
376705
471038
867216
307498
405757
487067
331436
944972
741802
563121
323501
18581
745896
894246
510571
210862
938196
978045
483748
287504
259650
475227
50091
754783
82909
718291
830313
165101
406924
754264
71743
91770
596473
616930
91005
306892
360855
989856
172007
365110
405263
543562
62221
621238
333831
8515
433854
691175
935143
480187
806405
503248
938964
543251
463230
381038
697223
549044
837121
48971
12816
783769
688538
58374
516488
324441
155014
894405
575141
95445
943210
704100
10618
247945
573854
851434
114084
346973
821022
724144
317669
418578
542166
534068
673506
642146
466746
155597
117548
52702
255380
707798
272990
609806
543194
314
212206
691576
954315
115412
41603
667559
243448
637793
795874
21556
45632
689316
406450
219114
196727
977518
443531
144320
224902
524828
921870
466642
407285
609650
707591
740934
736209
720961
966613
392390
245850
4859
654831
993075
412818
764491
266036
397822
763157
64056
925604
374664
393443
383066
446333
338572
845084
568838
147352
677212
658644
43164
77849
943494
978943
333396
784468
882144
781887
518659
914488
856089
650436
108689
756524
743396
539788
205791
286272
786583
640830
539657
406906
193548
276090
110319
852060
512950
743863
726249
653878
936802
163892
682626
169466
719147
671923
189063
406114
842054
760654
926576
789013
908856
171027
290358
574730
999366
500535
457890
829547
883005
614134
411240
263837
553109
18565
437829
241944
519350
592321
435789
971659
675059
451205
557962
218138
842405
273354
342915
884237
290727
107815
501804
452515
621993
547187
956718
593759
422204
157561
559099
212684
988711
227911
156144
823539
260809
226300
318539
426672
804573
831706
94708
991678
332811
47968
614689
243564
777133
700298
231071
695451
371510
564999
154905
774635
555347
489476
221246
448427
758960
122320
502032
971976
295480
292192
973223
252378
650618
649435
338650
851683
435312
915768
414790
835987
146194
975143
188660
518605
664949
82754
775327
642407
119983
669417
21986
699708
332505
574961
432363
897681
573966
56975
418178
743072
772942
590201
623669
342076
626961
297067
214693
289556
298345
831266
575671
456338
503096
674032
815642
74165
837919
96673
848974
264927
132901
493121
586769
564148
465989
392720
951753
48235
230279
226154
12469
390854
306275
836365
521827
545840
958659
801515
540598
782386
550736
868473
628163
482817
549604
183030
290876
454079
581254
546958
992618
501140
487142
632257
52659
663831
432450
939350
182684
828204
121125
298710
247853
389327
83896
884318
76022
264499
822882
32571
784763
834174
320024
641690
147571
322474
46446
564389
978659
719990
146004
200480
380006
598609
908649
446329
964819
71477
997867
264478
848328
710734
151348
399480
279862
451497
235160
184915
279374
382636
599085
961763
537130
853204
654425
359747
137015
507961
475441
580968
371902
706237
11754
869078
33838
275466
191379
547454
82233
704030
792737
366267
520083
687637
468852
411039
641185
409255
718056
494234
550620
54717
912961
776611
6249
844430
723020
346514
180748
296158
395940
622997
901712
524734
399318
742571
291592
131547
866245
539619
499784
640048
137277
336922
395890
493024
446046
525460
676235
343259
456899
831588
824936
741231
930382
244884
766349
351855
265955
811411
847481
516814
51272
884833
996952
319855
33435
971767
521346
309525
120064
7940
20318
687079
116614
758202
328556
76936
911293
46072
225721
962818
730027
687528
894755
494814
901345
328859
754413
650919
294638
869910
343699
671170
225194
791718
393819
273316
155468
501465
87594
406036
964501
757920
776721
199046
905980
346922
104074
328978
630351
439218
561220
235777
807498
481858
587
496390
953918
49578
517245
190876
41929
814049
416982
280603
348329
676533
695411
859057
786092
153471
567069
632822
655014
304705
103983
143631
345913
850468
969944
51950
37822
636012
569742
268393
838780
271635
671843
841299
138187
601108
708539
287179
162337
632937
509327
485248
854617
706564
181297
348127
237995
959600
214563
227856
359800
612343
661269
419657
767445
413490
185485
218595
584097
188308
435225
990454
709182
817650
575432
720197
714795
835951
63867
182219
783260
160467
892638
787758
60251
867089
563565
878572
744683
678745
116478
78741
83046
803995
424469
67304
867455
190183
279674
139291
49401
88513
759013
833903
250094
67677
981360
725901
273524
258172
645940
199971
209791
661192
676335
657656
353952
814010
885282
142618
959581
967985
822527
812348
796437
205891
871322
33104
588071
601961
218706
129711
667901
611101
540563
983009
611247
362950
114474
735103
175978
431992
601748
836224
615900
956669
924562
546869
318698
688466
504948
795028
764186
666173
629475
980704
998821
731077
856756
918543
178876
25551
194497
614279
247372
950534
238627
981852
478804
796675
589109
925407
450893
409376
635372
434043
984056
799762
238836
467048
726951
571617
930869
443487
360433
398537
991558
92417
842432
556131
177987
268599
722708
690784
930324
93486
319153
589561
599787
442398
466223
705060
614686
366156
621319
584531
529006
509118
346341
154353
582600
965387
569364
18945
742875
301169
575307
547467
194910
663556
374697
542158
900284
994722
956019
708922
154455
375340
939898
983791
38339
432201
322266
8131
281836
562385
318873
690979
335340
449958
804954
848660
379859
981068
481534
369827
597199
199431
693850
218333
268695
386604
777493
856862
174353
700035
914381
350973
323787
56806
743339
496261
266176
112095
389007
800556
98540
248759
148004
48625
819943
468095
802717
478563
863810
951703
420766
307102
481362
850509
542169
455305
146242
549398
856401
846617
303723
254521
827997
576014
597476
255256
242041
582005
172669
623891
309838
192464
776256
433523
800244
60828
153647
798268
643591
560917
675473
169782
592825
666645
219056
360212
820443
707175
76175
779969
158534
62124
620227
267207
809512
60569
589911
379161
222630
954548
228071
987480
400263
266058
692446
418469
961471
854928
148626
263173
936877
712331
389120
628699
496935
225024
990617
685935
543176
283547
586023
68967
112537
260874
926454
537997
971640
197636
413288
330206
610880
495793
691483
791986
87467
44761
712767
211157
812033
982291
400922
249213
425219
226953
681296
11353
368626
509947
172768
585992
618803
880972
282818
835644
323428
566260
794954
327506
755603
616409
292644
554788
85211
997505
925038
18754
955508
651062
87138
316645
748658
576649
560706
112117
725655
175636
542107
752487
934115
935324
769367
341063
891633
29762
653175
272988
572958
566918
915124
599532
155954
21405
741422
98387
314357
857800
871403
596530
584562
471669
357571
917385
479223
353710
957522
805453
572160
817031
248004
319298
737118
718353
587471
477696
87145
351051
995890
393984
931900
91222
869203
740045
246918
437568
200697
144102
731904
801684
642700
45420
524367
777430
309385
604207
30414
646359
695103
496467
136288
560780
462547
811230
272234
186821
141188
811554
414541
586939
968789
20869
132119
774663
207468
952689
210708
683897
270621
814417
220859
260941
908196
684896
635043
9473
515147
990572
744791
597036
351565
586581
680492
66147
92842
386742
294519
783978
664371
280421
532567
511614
757670
24391
188639
877231
773425
904293
615850
97078
191867
222951
48221
4010
532004
91802
677916
315335
128623
576831
527860
600128
929607
981907
461448
590652
395989
940057
379057
323425
373314
27205
765330
92493
495249
813071
271716
350799
279010
620379
945497
505122
577075
776222
49548
15874
460773
808366
156332
335095
928718
864485
345146
994342
56700
613753
883371
588700
335531
27924
730525
493997
979449
732952
568122
901351
930108
72451
828909
156507
129781
630668
375758
450991
392301
725399
63532
627940
861390
300204
406484
237507
613422
720438
969258
5094
435287
209131
901340
560220
187895
46374
242771
614643
452036
199852
243240
775455
345634
754365
957147
832143
500113
364589
804010
666235
188454
968066
616568
897921
508666
164329
938226
6132
343761
991260
976965
936891
542974
311264
674613
149293
398837
657481
808378
639312
30866
184245
905803
728694
728973
316184
24804
309526
658394
796786
127223
794626
582749
99975
857319
239720
423040
587160
25898
975473
537734
367443
996260
615711
582730
550095
469950
492788
689891
466115
878237
411831
488948
479629
699576
112716
189968
210082
543764
981892
542222
342629
770279
365786
990150
716806
741297
303312
758271
52529
549145
617106
914265
497657
203439
81390
683081
162795
814936
818990
414812
946705
271117
170794
645212
249670
262789
28059
630108
622292
291497
21272
583599
3716
464293
18825
604814
965923
465422
104630
939131
299687
83736
575813
787143
353011
70161
530001
348302
764268
901296
296241
166020
619993
233236
304441
127200
611209
443956
985284
661472
462361
683123
945875
784123
763386
274932
975970
631537
348135
152601
405441
49104
531316
242388
955716
608974
841307
360527
506238
158616
367663
238220
131562
631049
479793
747830
355540
383760
467269
267698
816106
775674
602413
393489
437477
40191
232224
880737
766199
767199
769452
786292
343236
468079
871532
265579
856409
765120
671302
378145
345801
720389
654880
555678
919296
698988
669747
94723
276275
947747
590063
150561
834529
762810
366401
229233
408797
718185
543570
101441
198876
932212
842841
395078
311108
760047
73896
862377
159089
617645
466963
463203
867775
866323
497076
957748
239735
816929
410090
659901
933120
948711
954001
366837
247980
380403
269370
250860
320883
479677
499027
676293
587380
251960
439988
487238
87639
810796
479422
301254
562693
799264
131724
739538
317016
105653
725176
325928
507754
596414
174396
995076
861732
875599
318701
764385
818437
272347
6710
144807
750494
356616
963967
292373
222740
288251
493050
735313
216779
215603
224582
750911
870027
757288
462747
111707
556533
324344
150376
972461
71445
669875
116347
127262
271826
589446
61994
730449
773566
137850
693418
845518
207484
76527
513040
862917
97268
520756
46420
910681
637728
916934
699317
871093
523899
547563
15179
512058
509868
735281
834659
543657
560748
797085
746485
118342
302061
586072
262930
407483
967854
150388
353353
407512
202182
637707
325685
55636
878191
78459
558478
68124
564825
92138
255042
653414
393257
878424
216406
397796
853485
78470
611294
173208
486085
221598
858969
874641
524923
508778
34793
293738
626639
658497
127451
562777
134419
331631
71035
131285
721097
453354
980401
617425
291140
162656
512175
809313
404634
730317
498062
959146
71231
855348
885512
86993
277200
708337
206494
701608
911037
108100
285226
342743
945438
918208
916217
2703
832089
606410
670735
794505
70613
922682
822816
199783
824139
820549
625185
271333
71557
810993
86299
108392
504195
248993
430755
244349
436260
137817
786901
269197
663614
989258
316609
716715
318481
920974
938017
492497
16865
455793
901622
92595
977361
107789
130938
399302
212609
524581
884519
907980
469786
850800
824456
212487
328022
279419
456623
748303
465676
184065
245170
415351
592546
188429
200446
411207
397246
554784
948977
116652
395020
555852
827722
749310
869426
524597
10460
616233
937649
342637
72302
983938
144835
785581
233948
450336
593227
96513
657167
840680
569862
249721
199127
943589
882
113779
975594
853428
830982
126460
931612
291756
603305
153490
373214
43228
98093
919013
74802
560330
877643
767656
144236
866478
980663
546469
301305
118474
810837
79508
605133
577013
472455
48727
952200
277871
420188
91852
396597
310627
581276
142424
155994
369933
857546
114270
138349
424979
656872
820572
33331
984607
94126
669877
177659
403129
841131
521377
724108
209978
74624
932132
915091
147398
359067
799170
730019
322334
876590
74612
125831
149196
319618
580578
196521
436905
321371
205520
840205
56674
515177
924763
941200
116193
185663
155420
649783
461432
3176
929469
73756
629005
517372
248674
583624
80068
926732
771166
977139
660962
137816
671862
949178
756340
281412
117570
669344
527261
662297
302467
782377
959733
585126
400814
815435
188484
621083
111110
801453
706194
658192
689566
909289
620221
512811
500615
9007
76843
970600
148359
394626
337299
872369
195178
336866
760420
263507
322423
744824
123396
685265
542932
978260
295251
401998
736302
771082
266812
730530
345184
301837
936529
666132
544532
678437
853195
684173
575604
492070
324676
937320
222658
639177
915988
65236
602648
310565
380571
487056
536888
903187
495385
356461
778502
622813
103430
325036
280643
714742
906581
881616
507816
584923
197117
313696
516300
555297
768087
271504
159524
634845
700664
506198
310405
481797
590898
600685
435020
682643
48782
414898
200632
580030
979300
526945
55971
144325
238153
167327
882779
802573
744085
15548
885064
713774
25270
756712
856073
710844
478962
480290
842944
17315
331615
844077
15072
890803
400951
423395
234647
545427
281957
818947
426440
61830
505532
906288
348789
506165
551550
75689
778883
148305
337327
433263
442814
494793
948003
712519
244515
833434
927115
80092
477558
124176
403623
110218
739953
364839
695941
949593
214436
10456
803992
97566
825405
631453
377109
286201
538508
758547
328570
660549
730045
781246
256843
831560
120727
841973
229108
402354
241946
899317
284390
253181
782633
521597
221638
211188
450861
515876
852350
728186
176788
197745
917840
842957
582126
963657
298020
14172
646222
840282
971554
375833
409976
854286
426522
589235
376183
391161
866220
743728
988543
193141
606499
693169
201454
283974
519032
805737
688824
902227
239175
351890
682547
475035
127587
658540
779902
770606
651533
717095
314019
630539
934801
148839
42696
101909
714422
303210
978226
364311
837890
792816
154528
578461
736346
953641
7771
670687
17174
559685
832781
111549
433743
618367
469944
947058
10516
226337
975928
697374
28515
274904
536420
250603
909141
260128
290233
548200
773594
574670
51510
683744
600653
436833
140369
18246
457342
46789
662241
52863
234999
650805
612273
93856
687536
941358
123543
194791
339183
624354
26493
467454
5753
44207
641829
615630
256505
473403
390318
464849
132904
45192
370245
336409
836102
336422
526970
345389
896729
292045
418875
90129
548575
523701
870144
744520
642006
11812
993186
264715
453483
893966
162169
278265
174274
331919
523978
236408
694494
415393
544080
579167
537848
682883
902140
988133
447955
118034
775872
283214
178901
414712
181485
157373
500678
894696
575232
737287
294399
709021
362937
908072
882724
857296
313012
446661
417667
118891
123368
271113
230951
205735
553741
532085
541376
318504
602353
847887
809124
816313
179446
715980
328721
894600
610126
21498
360361
6713
85068
607278
213574
261755
870030
70123
217694
184602
683756
304436
440400
33547
158720
827067
348530
336859
710313
586167
344712
431614
457429
782038
258792
566475
61085
209397
424843
564656
477544
768185
932523
134158
658566
84001
5824
659391
173811
629408
232734
711658
579004
343838
546143
575516
108417
512496
439267
803866
931289
583616
888172
186694
779251
678611
849475
546696
225405
781123
3032
459598
275619
978646
617480
337800
218725
674357
30696
313047
874686
386999
257806
7135
478431
613069
666089
589263
441947
238290
489151
484416
148344
154282
191989
719282
748986
61543
344098
170490
658436
921284
709488
914546
71812
156384
720535
469660
365318
495647
366811
966716
683066
305764
800565
189987
361973
361799
637271
987724
101357
269755
12692
768609
945026
173671
947128
672109
211025
954943
463064
529095
477820
862970
204158
913660
615613
403951
11549
427887
637592
358584
27686
858400
838312
999618
418428
996832
285026
936670
730884
725937
232687
528377
237494
438866
444454
470952
356111
981229
716933
997352
381323
83856
133004
102752
314066
688766
694978
349707
534510
661646
26962
100294
427549
131237
777679
472789
840646
99335
203638
926806
430606
24677
167424
143578
538825
799816
447011
786964
223831
912151
819393
805993
475444
608604
855437
171185
436624
567993
742783
324572
667106
925998
739703
167330
97168
494642
55262
109066
340374
671591
49707
559320
460918
844085
653943
254471
124183
58172
818041
982223
298381
345974
616149
591040
320684
382042
358765
653316
192961
74406
693265
788794
430293
286783
209652
448676
649663
135431
510943
911065
356738
207508
56176
344822
65425
607306
338954
61621
967873
952622
125544
494935
861867
315520
543955
19866
938058
630128
789027
459193
331237
274635
88468
8694
47866
375504
360896
358758
996331
878963
689334
989485
366910
588188
332228
972926
535172
174117
498947
128801
995573
633706
527871
48996
571231
791465
422520
331307
291412
218458
924847
344375
879967
377514
434688
983437
756028
894209
120472
170449
812466
600265
508724
302362
8177
399315
688479
457758
986972
64563
21637
934753
518905
793701
911419
612008
549073
718471
748448
699914
34489
594645
627635
680434
551337
582706
808921
621780
862962
370375
181063
598077
253177
885169
180023
644329
450008
498529
712177
533467
391720
932588
637409
674940
920007
46502
278328
603279
724468
301323
239191
850220
508005
980707
541775
475469
394531
179345
715303
168834
58402
161788
13688
630435
919211
941444
375709
885878
16130
832820
92396
299727
852714
289669
400763
313310
586099
557509
384172
351837
423788
541056
626989
920987
986713
815446
44828
644608
699045
894660
191560
882821
973202
711430
130403
613787
72770
759928
648770
462610
56592
505900
195231
117249
133979
478449
421763
884050
94061
923504
625662
804434
211522
21096
702817
579471
176477
446833
447722
530522
148011
492613
165453
961832
988904
52356
596993
584877
103336
525662
101654
114500
69841
95594
888991
753289
438583
896366
847476
43344
644994
302540
178332
483557
981098
943382
610330
385678
961344
74390
444949
673928
221514
622531
61219
720585
297314
562584
795669
853933
243487
279022
305210
875149
74790
221216
619401
777152
436961
469293
93422
871133
748797
793817
384242
695432
295701
414509
389808
406622
400610
941572
814761
834098
849917
917738
656021
17183
210068
969972
437762
837683
534720
826852
467638
311047
232885
360958
734789
205705
545232
375165
325020
922870
158735
67572
389669
988035
979094
981854
772104
80581
975892
778153
369364
259368
317177
344188
186393
929869
718202
607103
826420
142353
43269
903597
853427
10826
720182
919270
61287
398880
453523
17613
189027
531280
56011
244957
32805
859097
956438
419713
222586
331357
88199
492603
155115
207646
414169
799099
704682
683790
301725
916168
369301
896682
582436
452309
324522
849413
544241
728025
205186
904285
249598
794992
358119
484332
27921
981449
714116
345114
765431
235082
932533
805003
114477
902714
716917
842001
959582
685495
827748
989188
203848
341270
334927
145869
936413
898197
352830
442056
694987
242325
357213
720616
847043
946694
195927
34485
79098
120705
74361
795541
605536
875828
121732
857307
986795
727404
625754
865342
381280
882147
667255
646198
897094
629871
438464
949574
638137
186364
450406
459026
814896
117143
84582
232466
623592
19789
778902
651686
190678
34881
81998
611872
577413
464871
886717
208424
79162
843823
215735
846996
433101
909824
640270
543530
334138
975831
527104
678094
351245
394910
829648
619668
935034
172256
65535
448613
712267
289095
456235
469329
674165
972511
943444
327732
182722
970423
942513
326461
942898
872395
244921
965326
218419
654658
439833
825293
605057
921666
589020
661415
617662
766692
659923
973397
195811
780436
398435
382091
987871
499292
905922
856003
934355
503886
174337
203988
238882
453675
228715
278618
288647
574848
328157
19295
466202
506476
884366
804959
80497
953783
371102
583376
837490
297623
518402
897248
369274
165685
512169
237000
345567
983648
752761
115897
602522
693441
965455
885228
541211
150981
101161
585604
771766
197181
517542
64986
609039
33740
388684
184903
561786
329149
155724
183347
399746
430564
101353
166196
731640
163625
807873
258565
281982
965005
341479
163294
215722
511423
494719
745889
927158
584024
314569
793505
683130
638516
445330
280177
390452
439114
523568
311290
543629
158295
976557
417360
101298
544585
96214
20537
638490
117006
187251
706772
626642
857540
921300
402459
104486
541899
768010
676383
320251
674074
519613
166170
149326
971611
477254
562970
221340
486225
825330
678953
726806
738324
84395
869247
815820
694219
303661
483269
349964
21218
830895
79999
523430
818521
80520
857516
530515
940762
709988
119239
24042
106242
9991
627593
582847
213363
115846
380424
786423
676422
855389
686279
780866
135922
662973
411763
412730
598722
9682
927477
105961
919796
226608
588647
662018
550066
431073
552335
74380
643740
504918
355228
266052
943744
719496
954296
382293
345321
653758
867192
900691
675530
509837
640091
356823
20361
794788
117730
926137
881331
607644
893715
451326
549926
447721
878775
759322
350899
543103
140412
273211
824404
187485
39502
991717
492152
469085
217711
882559
584188
77081
174148
615847
990614
579015
10530
349849
746512
676919
421162
973791
558519
470362
157388
811055
237958
681414
5733
290945
418110
129535
784753
508397
602175
483616
987722
908334
413656
463953
476563
555034
902334
218664
67026
896728
557074
935939
411973
687848
86847
528401
426022
779257
72174
46137
315481
44908
7038
657794
472619
398911
480644
287759
143280
333
901301
212194
779003
91321
40597
719252
457797
798300
161440
775046
627875
613681
701554
977744
714772
819457
98276
79249
324687
814269
361008
7220
875476
161970
424434
629786
491654
192397
148627
471104
910848
154023
71413
208000
966575
243344
663892
56241
935813
317310
891739
89552
669727
732792
342951
125339
962072
551044
46953
58102
52117
295290
380454
424896
507644
556022
132253
546728
988381
1297
882170
805622
551434
768263
338529
489132
227599
787313
174161
162429
571122
321773
202612
712645
765320
893644
444288
50969
652636
809944
746489
955081
750064
704325
141832
687804
909515
865133
56278
837458
787600
633742
811023
291189
700410
825954
374623
756263
954465
284241
969543
383042
11796
847154
855810
496602
710848
410682
614611
592867
374125
954176
177166
988640
112906
746265
506352
284742
544076
627742
958270
880022
55011
880567
586602
25880
545887
405513
24683
478342
653941
326556
608518
278363
695691
941819
88556
570909
950798
148919
618855
659496
455200
86814
709328
685267
171349
756748
480096
418297
259826
811651
866543
653717
189301
536384
389468
616379
590749
280432
726828
595142
87047
250189
601876
751536
810478
619741
437044
677406
958427
377022
813793
812284
531434
186524
25662
273624
348015
820217
1664
537079
385101
744380
375558
971473
658831
66082
618566
525132
334096
432017
377447
611511
867950
306114
834876
192401
934060
732723
593535
333969
183822
151897
356713
430749
136573
250523
122587
418562
539623
891436
208036
653750
465602
972232
922666
648819
747606
531313
124918
523542
91902
540779
209464
855740
353445
604085
298754
597428
11235
210959
541459
859712
838528
292901
456681
663735
127191
569652
205178
205211
595998
580333
517509
786488
289394
352540
763856
332816
356320
378484
311431
328405
587872
939354
882767
83078
988152
847380
101791
471763
454370
359671
794507
676759
850296
358688
897201
6657
371397
891314
17509
565995
120528
811792
792281
406180
239773
583361
191083
800884
777068
259258
825309
458075
705472
285817
140243
806065
158483
48711
91057
972354
996530
17964
533619
711787
277802
938170
97093
70812
757431
747728
634022
316624
891855
601840
923461
125406
982003
800885
548142
974999
513516
422661
664842
768435
546216
470036
650693
602862
324294
952262
237399
404065
724759
953794
353800
288810
342171
371681
703782
631484
504712
694965
306735
331989
670009
798168
584219
708653
458659
225833
89171
772885
49244
856199
642943
381580
780706
149496
470665
908792
586233
409954
906853
629926
317429
620533
380891
969745
108310
445489
685957
129708
675787
938274
985162
380692
856571
340929
615106
483890
740039
115968
509766
285694
472418
12931
986563
521632
179677
539121
711653
259923
484902
677714
892941
216990
780428
76284
136999
385258
755886
214931
950027
27843
680342
255582
563181
115235
590066
372669
619042
705823
843003
370257
268698
605157
466878
301856
397850
878041
349890
626503
25555
433128
601325
158352
400659
951379
343928
696889
958665
887803
790755
761015
95746
140138
706247
292634
666776
248625
254615
544010
220728
667817
798192
618029
249469
734340
424219
291660
144917
443806
850611
820274
134753
45568
889565
394100
198286
765776
832451
798027
851793
677203
960221
612030
736590
848546
880693
981935
143292
426446
547316
588844
962150
230209
623663
950424
62071
772217
323671
598413
769854
356293
979738
994050
946371
51764
369101
266809
137892
892752
263497
991663
418403
610222
757912
256248
832763
568550
681324
211699
800695
348926
795626
149529
448086
598630
548522
901842
594746
348235
861982
23260
46733
988055
809943
780378
916533
490669
67214
448145
925842
268083
696183
792489
33395
260134
178664
904615
274209
464979
597367
396832
143010
524745
852086
741617
352330
486554
681380
815739
306886
833301
940121
189620
287652
474795
114680
664620
482737
211368
99781
143310
184067
329874
474373
271302
226294
723408
503448
713614
417829
40771
387678
878684
984427
274999
631393
9634
722490
759861
654286
825060
642282
759058
933384
310575
370475
704900
29201
837530
476992
671595
823597
516780
192852
852814
176800
583048
693710
654048
997128
649418
238088
507332
409367
871628
969764
669219
306379
418345
120551
72488
73397
156240
682718
767852
685601
127668
359559
614031
696949
223933
748102
652875
861872
438558
259750
40759
261323
222711
242609
498347
840800
758821
133549
987830
210355
418692
238536
730130
405221
278780
916527
734062
60590
328087
525248
725330
115181
922983
476412
735261
725644
118529
143444
637521
547480
737281
166558
605614
918004
424272
908012
804807
763065
480793
424636
629165
241572
969814
345253
447730
240539
442306
467330
133420
838225
646450
720252
614071
764088
750626
381829
307095
701665
936309
80179
577561
4086
698420
164884
294058
21860
828382
489302
147554
778674
849078
510222
645483
173330
621100
881493
596673
234593
946129
395090
462246
210588
255970
206008
163468
435538
894732
766715
809605
983992
76809
792321
337121
96340
334791
879458
236186
239310
159113
109795
381221
451228
575205
83447
479313
314264
604083
347973
803653
494472
908802
115471
688700
295340
441840
493262
729615
81689
577475
192904
750560
748150
38371
827806
384808
630075
907064
461460
544135
384618
150721
26309
145829
405868
381494
597546
212698
280278
24977
276615
864785
637299
675736
615997
781055
504962
181565
99797
425181
941340
917075
183981
701562
280161
782398
795562
736093
802499
694266
991837
160718
26342
724398
688736
621670
91974
584067
981658
228332
913494
853939
602624
312989
865418
214705
484370
181325
778197
946718
235007
499302
927625
135805
566100
584177
520481
347613
362583
145692
902392
14297
134624
958059
343773
415036
49612
534192
795859
925850
606659
120685
451192
164323
286548
235375
291593
761356
186788
528901
61498
754697
734461
967458
265709
17998
58808
206066
857952
714319
500996
549951
260301
494427
40266
86226
233387
47980
123684
408881
903465
659586
500970
857143
944761
621943
186359
340622
514204
714715
596268
634184
40475
470483
244480
491360
380486
618059
115861
47121
173744
918652
985131
759227
448736
591813
498932
571860
665288
665788
797488
76140
413056
880841
816386
189139
928638
224324
179516
276361
442439
782695
770968
702216
121336
358402
656703
508828
34266
218467
16047
295598
135300
416842
138594
400275
732364
364003
343845
166813
289649
704989
888910
426179
697918
111012
543894
313282
339259
289966
535037
196562
371494
377605
982502
806314
662334
883875
792660
613678
714479
537788
204004
134246
740284
699473
831335
108623
768207
489444
104593
446774
293166
422840
456765
413890
519049
130335
479491
782496
684000
697598
535571
578911
307763
261657
994264
611702
455215
765184
338339
185603
271368
188680
881045
276444
110522
155735
726718
970962
555832
537989
910457
159911
505495
574085
360359
313738
287857
60890
440008
667148
460127
375437
349468
292200
544039
442474
589750
349146
456658
275224
28760
270056
805681
385899
845973
752331
535953
187686
778594
217528
637553
491408
643725
825495
755702
337709
69066
224635
578855
699615
728926
966182
823735
40448
152846
913701
484702
318597
350872
38582
769726
793263
82543
708132
806370
904313
585904
944940
768569
574510
978370
164479
548620
513891
343017
582537
478707
493704
721895
824829
892358
101307
852200
268253
508701
187597
501666
296557
720924
74994
686286
962754
875308
606700
886479
516454
538285
286903
617087
876330
566362
86772
352077
406284
517421
972560
856602
288422
571728
849815
437062
376787
667175
411635
484079
662860
995621
329113
953801
387159
355854
328567
109707
390846
113565
962823
930100
517050
679868
302776
75723
743722
487273
350677
207444
258105
415670
707976
745721
867539
500730
918310
871558
982073
543305
950143
682923
901475
930762
483743
941101
292532
579823
23662
768229
552110
415375
370564
990250
217243
210850
655169
558789
705625
933131
962331
630966
448176
958608
554644
437904
909916
656866
842730
30722
86236
874636
543265
357028
808681
795005
916013
891474
597718
495530
577573
220652
859507
283778
152262
565655
939527
549948
939460
214854
917978
443604
851993
234975
60189
155195
111524
630296
519849
962926
574647
327809
233688
491636
107324
980442
943302
822788
125482
600944
933155
193245
276052
465792
383330
25424
245416
561491
201455
942556
851172
84901
820275
240138
898338
154711
725678
8309
762539
942970
729779
300428
893561
72591
481546
558788
509536
171056
86004
855733
792065
76000
918817
220811
574847
232013
254445
223960
345518
98444
643985
693148
671700
19910
792711
295390
66397
464935
947079
822253
272730
762820
117985
135780
609738
613594
518089
338202
734981
304321
597834
434786
715060
449530
239925
511747
752447
324855
419032
79449
837741
887867
337262
999768
153388
829277
386708
616367
680513
694043
333323
718417
963537
548893
715437
526654
379936
805563
197306
833014
712625
579523
21393
273747
428953
140756
762668
470771
832954
596132
304015
437177
176452
932206
323926
210177
889831
942756
615960
148400
324694
367132
244028
710352
788370
773528
878390
816977
194132
335492
654305
93622
351214
670560
548606
385378
775158
336595
579049
944616
911691
414479
97076
600692
836312
845008
66747
39166
816947
833397
500875
41525
608470
686525
159991
166272
985589
906078
210581
888369
814562
224994
786108
656439
914350
545121
297648
675716
64333
410780
900542
479653
778333
735892
739294
514215
883696
991632
465000
26271
519348
957030
47927
521127
898187
436758
92422
934127
66881
58280
702155
447389
940075
374868
440779
575112
86217
21444
86390
739540
98642
596982
687755
64528
898267
280237
896102
524817
983178
924771
668317
906484
465605
524816
215730
257677
495222
507234
638624
589267
166775
726303
16045
440468
262410
828550
89463
710838
890378
749781
685563
317261
767142
874062
111615
964343
965826
87168
520116
355530
475277
112815
904193
372506
250313
857415
816927
521386
235484
173673
287664
331869
52686
794143
694489
939494
657231
182959
544434
781333
287460
707231
211628
191884
459781
839237
688457
698639
593985
66283
315973
985736
92977
807234
277133
819319
346550
913017
360111
709638
180601
262949
128793
722657
731187
559606
173712
647868
587079
671978
559037
679178
314978
779996
929904
872237
158324
133089
999213
904211
783626
451236
294183
80998
437496
869066
110327
112044
773095
851856
594133
904384
906448
696874
755646
515217
971070
74315
998240
446280
553659
559152
445293
663464
914047
258557
942081
81579
819424
449088
116103
766858
155816
603704
290176
778741
219074
310689
360033
397673
733128
364920
971768
467093
195032
464390
715499
104319
292468
78830
218395
998455
614726
877184
610149
986679
220004
664567
262214
651275
848005
960855
406877
768347
759131
730709
104626
289392
75499
147689
28448
420508
307249
141854
269782
437817
880702
860172
758583
85677
825725
455162
433868
18547
776782
809591
1322
767850
95421
903680
970998
141940
231542
536147
680819
800308
406611
21562
180553
982385
324045
303860
176119
16847
890317
649487
715522
289042
864916
713563
935434
802219
948087
308539
981349
332433
62369
647247
164459
447572
487267
180844
524845
337664
65963
407053
233249
486652
918773
185232
682672
705069
970160
162180
696200
938575
124412
886220
8947
569043
109666
67004
69657
632923
850780
224579
251488
495850
728636
663676
761678
42964
236759
307787
896236
371201
355731
432492
798504
302771
431660
748632
549388
778358
467094
603300
242231
334017
511025
290255
676764
417568
269249
591251
444257
258236
147137
705911
469948
367593
683967
670142
529002
520324
741255
211735
858729
240129
867136
746669
752449
399064
974617
880782
939372
527883
843648
348834
630030
830459
985228
796638
338257
697106
90357
191819
978401
719649
627482
934871
280410
825337
149113
934592
265612
167192
521636
10604
382463
835173
601930
990522
914236
285504
850168
780506
439567
624817
990305
505299
451956
531219
108056
537458
725797
646199
510712
865432
654167
729264
264013
786196
577581
731455
568322
350604
73108
214431
39690
279669
218526
520964
793167
598064
766216
263903
314130
523195
676689
195364
358067
941164
262716
508896
792038
955352
782770
7698
806460
193309
229366
465683
89721
148840
770477
856328
844763
708287
765495
919418
100174
152167
517812
503345
914930
124038
204361
903172
257768
68211
931072
415307
85862
71545
577863
187133
46987
57435
196992
763374
984013
201995
583085
143075
214053
806725
380225
103437
4787
632468
494800
395421
276914
876182
642410
170865
324397
555100
572909
662042
263091
52092
889758
701930
993573
971542
408185
147123
695383
256831
681197
645183
257653
728510
663333
474371
594969
816504
479108
376069
497579
280208
916409
398853
521438
137087
574690
778050
436340
853389
563628
785735
919275
89864
269965
303536
505388
940856
988589
594212
290335
656931
148477
377885
515549
299168
454945
854909
961839
637550
516703
759770
26987
876340
429565
879027
469417
466144
348207
721182
62716
293196
187526
824741
442699
312583
160357
60226
169023
645678
898621
187266
926366
721191
10909
205729
372687
662728
561865
709616
293037
471746
560446
545566
449366
211330
677119
576150
707683
323777
541948
519311
74310
680768
386667
504229
12228
86981
111204
809094
554030
736321
78780
227731
279747
554518
73562
649681
185820
452658
890989
732330
835761
263273
973300
993837
953527
533971
351366
262075
797425
413107
908888
177505
235340
577862
646082
366805
431366
527142
187414
979340
449389
590027
251532
509928
880983
685102
181473
219115
812926
206765
919303
6089
63960
411747
1785
289541
640876
332341
252261
308277
790798
552429
848832
266027
859536
148240
360060
913873
405128
717792
156790
488914
661208
701337
332319
409201
129671
893040
762719
475536
528013
517788
422090
487132
950193
626545
566902
683342
21260
847748
501991
141260
426132
228356
922712
748731
497791
691953
197177
301451
430539
317551
810626
695259
172199
985384
848556
399073
233683
815875
282916
101929
495187
614090
869626
541857
585331
224360
665880
44807
562902
298414
532114
228619
440396
485218
496263
660039
554414
461871
526811
992015
909999
542277
86402
254050
404357
823960
819159
520122
269950
963247
862624
136697
167771
705206
569097
57620
108707
237094
871431
603172
784175
282692
134713
137353
946824
609811
98002
740425
197901
284375
429229
943062
909932
571852
491543
983894
41730
860474
150852
854058
287273
360530
842012
600320
340836
620187
655011
972625
57829
90639
902766
522431
944104
72047
488529
684929
716075
376602
403635
211275
639821
956176
855250
556216
979376
559411
848982
471980
162794
206733
532656
111089
209076
901647
245260
398732
549918
532826
8999
299623
627298
363858
152606
874737
551215
856179
860490
700125
661496
825581
705004
302965
53398
93827
638067
759306
998777
864285
493545
493445
722970
24126
783280
620643
182038
455517
457314
882895
325903
342819
341724
829940
207535
176443
512475
430917
318215
501214
551352
812757
993705
211849
439435
453401
21419
201254
847183
966125
95944
386203
508440
723817
371630
484690
174727
222497
150646
699911
596160
531364
158226
907939
13317
431794
190333
42884
459903
790521
924970
539480
896344
603563
672753
826021
908279
516775
572543
33084
407948
478335
409205
771339
416938
187315
981062
826231
340830
462010
644873
958176
432429
195670
280427
993973
332660
267464
937369
48440
676810
632938
853610
24878
758726
830952
367694
508757
156661
312991
486745
791125
41886
325983
517136
36525
614789
561157
216772
544791
743090
419201
385876
646931
412899
535925
677452
22342
45773
162796
679085
127940
83517
103206
994497
989379
497382
167989
136301
820296
39446
532669
530632
807662
121325
954112
829858
929572
179030
535695
31334
856435
262626
617815
608145
827291
375521
414477
972069
890103
780568
216939
109495
48153
88812
341792
157767
664268
451592
513579
22464
940401
587831
40988
875353
412180
695755
970863
518292
176352
521877
385698
150086
3611
990011
148000
31329
580134
829166
688838
906512
868205
581599
888097
813197
979645
220887
700393
84788
15314
364828
943308
936482
39786
729033
583547
13182
732372
34533
931819
673729
283972
56298
388669
587508
879480
771222
427524
760983
716317
794696
58300
262618
829011
982791
637440
64163
202535
137445
476482
216405
616204
511208
339639
660006
673976
994376
98337
980269
170829
954255
304897
733162
896206
845355
300542
698239
605383
347017
930845
4895
425764
578923
806056
325468
407486
895115
314201
232016
276341
863630
271642
373179
701917
301510
178775
343337
554991
653938
537803
988376
695572
581399
585035
420657
806660
350250
91914
200377
668627
509753
596996
981335
55303
382579
545331
416169
125187
95998
332246
269459
779881
237386
175257
496659
966694
730405
70852
512657
313509
197142
832151
995801
801394
896692
348957
351577
404052
312113
763454
394683
753121
595382
212840
899066
924426
373922
154421
412558
382701
872455
59209
136074
970916
910414
436828
726884
585237
97801
737525
601332
837760
471349
666357
684390
576575
888040
840132
581814
606309
724463
519416
835194
332221
818206
355970
261027
337021
131417
710187
372024
91988
316849
113656
532156
102587
223183
878690
806546
793668
389079
689715
433097
350463
250625
464858
548992
62079
707744
410411
333086
186097
619796
634161
525177
697627
704277
869220
594064
476742
453881
442642
845326
566151
987160
716093
748612
850443
174333
804614
370976
326853
851940
46526
162522
911205
12927
480059
308426
253769
821946
455962
171592
283657
810684
203577
734909
595525
79589
256317
557798
6957
24309
334254
291193
916367
571752
378479
696728
376722
89978
370460
672727
298081
601983
980738
458539
931214
55450
408676
13943
930044
178918
998633
551818
842446
889346
347793
339936
836916
306904
657022
181713
836900
179874
18519
435927
5072
925855
182642
41865
696616
555071
101176
779053
583554
457365
205466
909677
641457
406554
945173
426990
85336
164124
587111
364439
143315
748843
653426
7966
764665
779647
664594
397853
973041
296270
45020
206686
596282
115371
147716
936485
530889
89510
359382
390688
532283
602129
158350
545674
761248
253762
815256
271683
962412
973046
149914
834425
202440
720619
387752
746396
553565
544889
695322
330828
972379
995649
416755
311438
894293
804893
381676
847527
740852
303726
909982
696753
620068
260097
299999
606767
989227
694138
653951
612157
945112
756233
868268
644562
108346
937499
496164
751510
776564
723178
976058
263504
135402
296513
411765
449044
836755
54020
689047
553746
180571
502595
217972
632390
469393
574762
1684
251697
844184
49551
966819
55418
311683
376298
455954
175221
932320
958624
335247
214330
13417
56918
970004
971907
24849
252081
48522
216748
634745
396101
291224
475188
909073
429887
430520
284001
739162
683038
515724
755876
257098
837560
672604
700521
27228
211224
678536
346241
486565
396102
101951
914821
447753
573972
298720
916818
475259
22667
258293
54845
598833
426054
148876
49241
137828
605245
533463
375769
199744
518625
405853
446672
644638
499241
669898
72912
513556
491578
846887
728996
927022
375133
502862
396455
261944
5322
296010
322095
840367
185453
221191
95206
624261
713955
404988
918874
197991
95387
887746
166369
481238
318269
185655
682548
513501
382375
843379
977290
114196
88270
484285
273713
874228
739706
822796
216904
542128
780591
272848
385017
307564
437324
333408
967564
650719
71201
787944
382682
401785
731948
418400
640831
700712
910772
792101
193463
383203
650253
50105
325857
820446
871650
118846
641350
332611
787942
408964
859283
660405
17997
7549
599188
749455
420571
218713
430163
279086
726411
62242
227102
950053
762567
1248
794376
535018
435079
737100
792766
91127
664524
383554
236890
535738
153485
711887
218055
994410
205826
444975
51432
944486
814709
770625
746609
198128
889636
343115
557076
195417
802350
46787
376831
911132
397256
706638
921293
918095
234098
748285
954870
795453
108924
533262
308989
122059
833994
725536
72096
753076
848040
581221
127058
942244
475404
495889
161620
142701
555894
492476
383997
996037
726737
587692
438379
102283
853888
135957
434092
652739
981944
317281
577313
903123
700317
909124
625726
766228
7824
362178
274178
511298
598711
986114
623329
671607
990174
743762
83521
782206
64791
750769
422501
496592
410805
82722
178339
964014
309065
902816
327848
88458
337466
240541
925968
435782
342079
975495
413057
107296
958697
710322
424722
856050
959386
252890
86369
445655
370216
395824
147669
313229
325279
805550
510363
472925
462744
75146
994656
28000
770749
138217
212294
980373
913291
999302
776849
66480
701387
809828
639858
8044
351053
830618
118158
803916
162304
386094
792019
686163
445719
615515
474172
16943
621797
683002
876594
712245
423171
120836
434926
744401
40907
149436
989637
897370
873479
142634
668590
227068
260666
888285
367383
613637
214473
931983
681875
383337
695325
85568
11557
224825
424182
132310
822928
527888
569814
867118
738806
832317
905406
872798
202502
290356
189750
852338
955050
918291
595714
912391
459183
941051
982249
924580
705526
718220
686147
978924
544448
580756
295833
987662
801315
404714
561902
697912
953351
197717
728070
73120
414739
828286
755541
76595
476207
756751
652354
53089
502230
535217
190369
599793
781681
550292
919280
635453
348146
963548
958287
125691
416228
383311
736236
516777
809979
586509
165272
445125
214686
457984
339447
466577
142776
69534
612444
132513
220445
482079
827525
729121
773676
421765
547985
391642
720635
454393
367877
107161
462006
662505
770423
327552
801643
115544
545511
528399
926981
615911
477841
70275
131990
302381
873766
145459
275004
697195
507517
426236
929583
694307
736506
270149
808642
803633
860542
983076
320400
689784
281290
692797
49266
673646
655943
843685
545611
401311
33079
187432
55422
327239
908837
415236
724192
7153
253606
368935
451088
777159
928987
128044
948097
276576
395625
170803
841544
171483
616637
176654
707525
456379
489977
478894
268841
872472
719021
608338
163085
302911
41739
469481
375793
550492
752927
535086
748226
18980
380744
254652
474250
331915
711798
338040
911901
591649
98277
352611
806648
126135
610649
614704
996448
275110
97998
457654
621413
159340
606516
849722
278362
301617
828946
63986
53317
164815
898980
426396
529112
340794
258445
294380
208233
380085
209461
505657
30273
734927
536504
104284
738533
683717
611597
624626
81756
906715
80455
593781
224702
590834
568200
199161
285179
555616
840345
260291
615360
912994
508081
742528
301675
200203
676439
55285
370225
758215
899752
288478
353649
367310
430884
358294
200549
796937
29046
757013
990024
978745
525547
231500
551565
969688
937694
251118
736362
168082
568185
221460
62246
229878
522750
686437
556259
498230
998325
761421
824077
703795
96356
193628
352895
256407
664601
551278
555826
15269
788198
366941
723902
806592
232115
695275
341639
830434
609780
955922
336374
595568
745094
132505
352118
174523
293649
755138
65410
380517
193859
606529
893655
933799
929850
760726
185707
807037
905335
388732
129962
717646
451320
746676
166963
169578
120401
899915
651557
537869
956504
30382
873886
436352
371341
624694
318989
12218
107465
446999
221589
870733
522688
963194
55593
49176
91785
802131
587146
831194
588745
914609
515545
221044
886520
322380
528095
581794
691049
737130
803008
282346
812506
873292
608668
195257
769087
978791
668143
540592
617286
964231
384530
880681
907506
523751
855771
36427
574945
809708
846806
317888
393142
548553
532458
740202
341135
966699
876180
830463
865114
532887
967825
221991
317486
507846
479513
171279
719384
895836
502088
402248
417542
58092
410166
794338
666988
231871
39023
699773
478008
413298
32849
960848
792412
71348
62112
119894
502280
32132
871378
796454
44233
145683
705590
662709
346235
461720
159886
140598
104144
161369
651344
542724
721642
418575
520624
883990
759902
697951
237289
2061
412277
735068
304663
942135
344493
590688
238404
785114
222277
722219
427530
228185
386053
973664
777478
262918
426260
749587
781814
238398
863079
409155
72578
445523
740757
93044
558762
113494
709456
779012
978288
370648
86463
351220
60904
289176
463821
863851
527728
606895
660861
981384
837747
99115
207827
785831
932416
859813
90739
755561
226540
943655
187798
740795
746968
919083
684132
187648
630182
887550
764336
695570
155700
435113
51222
232331
114266
799989
584400
976181
588136
263314
613727
806562
155318
400199
120390
922795
120475
364357
772310
934391
622242
821913
970762
37144
370036
498671
751539
565941
323023
559978
566712
298225
839710
203474
391930
371280
698696
912380
179467
572060
919466
790622
408604
60003
496634
280980
372686
291290
1923
353547
886086
27287
505169
944229
294546
830380
419030
21571
28788
377200
681586
165155
453995
252234
156885
949882
436688
624058
255527
747890
875748
351983
555724
783440
425758
622593
639819
406032
778530
173737
452100
583109
162658
527731
230771
556115
171097
426078
470309
452287
633230
834749
429973
399466
10590
472078
420064
352314
714327
800598
469612
405741
817724
819623
7466
844951
868504
797173
873358
561412
893360
287821
316309
750196
231103
397307
634836
996487
530990
275280
766725
957731
109271
244274
445713
852747
869663
806036
508231
880270
162424
5588
555452
506780
281880
278905
454184
287097
783712
961858
94736
511099
441003
96055
414693
506081
451995
31514
866611
462687
596563
35004
232426
73872
282151
483404
489732
764888
970751
496409
432468
585301
229294
793338
987426
540968
81077
186686
80777
332316
473360
159067
103442
990426
365356
797120
718851
408
475592
939968
701792
248110
553130
73694
112066
523758
148335
381497
832214
735805
535535
224543
362038
188383
315473
143612
978262
121776
299478
56038
309821
820306
477729
627605
882496
976612
248066
986107
198930
890338
364480
376583
370315
849782
467729
206855
922458
221802
120128
686906
161617
358283
982343
926734
404480
416739
142114
924733
451817
588102
633149
352272
916810
26561
866993
420011
406740
984252
41499
397655
100664
267928
586607
551208
155186
361450
360424
712735
334634
626367
884055
598861
267352
779252
51587
365242
606284
467698
477593
908729
955689
966755
118414
779454
304545
646663
720792
228098
925819
945758
548205
322241
397737
510804
313030
601201
673746
70348
591303
845178
166230
251718
797256
998823
84246
591648
95722
197803
196981
940346
249388
235770
460197
463132
220016
958556
988701
780227
63685
381536
478439
800060
126827
82161
738658
859234
492911
542777
751268
859977
732163
86227
484123
600795
519411
379726
150753
907156
354105
221756
731163
486444
441740
472253
346609
655027
777365
538088
515864
215195
609548
783882
411277
795820
757126
602435
980019
913024
701247
649547
199227
855709
981674
924808
793312
255751
188998
962878
457535
863741
763370
389108
4029
618581
885544
488791
874738
572826
977477
241155
150337
717423
477158
525029
221071
18396
434453
714138
642573
119096
3357
414798
71740
792810
384458
249557
286068
692507
711458
88565
220120
19300
432139
768078
712639
26626
885846
501326
405578
353948
567606
212364
400886
821492
27058
614356
817081
111449
214591
100794
829959
711291
357604
421490
130475
601288
126567
674745
987688
431003
933569
362913
265788
348492
130653
811636
221144
287768
333495
602847
718498
222451
768881
926353
615143
780241
742708
643498
715664
955526
141431
290121
3875
81854
333134
358689
974959
938093
614455
621884
466815
714627
708717
216360
975899
340080
669664
849838
839860
821131
74914
681483
269176
232151
839729
977726
673899
747202
591044
321993
512056
90287
539797
823353
283914
671263
612714
759310
509881
141925
359567
850643
112871
822618
813053
285143
615178
821797
45844
682294
955447
699262
642962
422397
533068
208395
687551
151312
295329
993511
144208
815969
296918
115531
716471
285955
181898
932497
353637
472972
464989
171015
587012
872619
322050
990540
786805
621918
838878
464484
248262
491199
312952
180444
739283
710386
254532
596424
771625
167450
191503
380743
393946
310711
246615
210394
747322
36889
405926
972499
953231
637000
340512
313025
664759
127875
776675
419546
156604
348188
156205
927921
916598
102961
397145
357463
174752
992413
936273
255470
523925
428640
596324
300371
229939
37229
354300
768162
739602
472074
240490
365483
598350
407427
937523
727377
331650
873814
970106
389969
160541
570529
122683
580153
525297
252583
825462
777316
7835
520766
111516
401770
620882
205453
640973
550244
924002
792389
815037
700677
762365
759116
778990
438643
386691
225554
635906
937028
239143
304267
351640
700431
202674
551216
449404
536087
570822
391413
823656
514924
679492
773793
894313
483129
595713
588369
354711
430890
792170
42344
785460
701898
792974
24795
538746
842664
834586
474121
282462
808110
140233
655632
156937
452018
844835
873729
652608
502153
639324
6748
901883
818679
387642
264745
114915
173817
841355
51234
56173
740871
847270
713220
807312
587229
120248
523414
316747
728603
736389
454367
397462
720746
991028
176303
901961
340058
161492
238784
776902
635962
16320
580862
579862
525600
620660
355257
826766
145362
101816
549101
230945
373955
559428
37169
493392
298152
231502
513050
808671
905076
360564
209541
662082
953796
441634
811042
804231
693524
783748
567304
962787
96760
127482
626497
241848
399363
956929
727608
724201
731050
925703
367422
173648
336894
223134
643545
139536
68222
276655
54547
765586
865873
53228
746867
232397
958355
594741
265522
838152
892985
450590
339294
953537
319853
355275
610939
474541
656415
839637
509116
940793
374858
461422
651093
187239
674792
994206
263934
253455
730669
223269
116761
287551
536277
962819
367793
350586
607945
531054
547274
352601
453586
197869
621015
832831
766487
54564
709169
934334
760720
345757
570991
717250
929367
550762
408702
905060
777189
405007
892235
264701
756193
611655
561503
84056
715511
209394
923961
629301
666286
434439
632648
39777
557766
443117
103473
849508
62555
445956
810445
212184
76986
645046
283655
950343
756846
863487
527192
749744
429162
909074
172833
176288
647557
190209
705616
991651
237606
385290
624397
950278
563338
236418
487559
373761
755221
840731
797137
532270
778978
873748
706101
775301
239524
500951
844509
151532
755750
122651
815482
118875
676240
682014
514963
651256
89178
21011
191929
631688
795565
430217
84646
410447
286898
105722
543766
802675
796807
700102
784518
601491
180710
534221
797912
890701
718358
322830
494860
55445
931227
459259
857281
409641
160021
3167
726710
785838
957133
520182
873638
266096
314717
833385
159750
371106
564015
930409
475552
516623
62346
256196
451036
754417
959623
280014
632741
762747
720191
24211
352248
118229
530224
562000
914992
51974
822260
120226
21758
83575
424086
823402
539731
103348
858349
624464
514921
305009
107953
443
591921
771865
262967
920009
928179
956769
32137
945062
400799
736893
145985
442882
400933
416757
878722
405784
664176
651606
272602
302033
394906
768076
161075
714759
408377
370258
756025
264870
136406
436618
389574
459481
120839
336898
982386
659115
53530
327975
948095
314969
512418
123805
537426
991756
290323
76964
75779
462191
616424
357919
154482
335888
629947
273046
598624
268512
181414
523564
953312
786212
408863
774907
305416
155945
564785
379719
489272
533986
254084
477506
112549
832992
980150
382401
362198
725512
144845
412245
315851
33797
534651
545921
611754
195400
171765
248725
414771
822469
599706
283704
919444
546962
388035
216850
611335
940821
336828
776221
278495
524174
268020
227764
502465
714251
826876
724513
222459
814782
159208
536075
236903
48951
678615
171716
183246
198568
392880
673104
619982
627924
419813
771664
324069
342879
390200
180731
812443
264043
409149
24110
398082
77479
127014
290365
799088
867195
257215
246086
433496
230734
570627
941588
53056
732520
994894
298950
295957
359167
951847
784977
71497
106791
477394
340629
428956
952424
985585
63655
708418
239966
762224
122604
323071
945664
403268
518097
480504
378934
449378
601172
514797
621421
410381
708724
271670
410495
222038
882501
165772
232964
932383
400806
112142
110605
76039
771018
523162
931177
762302
906218
957843
206906
976409
440669
811990
827003
973291
526581
645867
711589
929254
998561
360193
271482
209404
492301
451816
231612
707260
960546
7194
685405
717901
42060
924788
213298
717106
908244
96752
520618
236342
537277
925800
328362
747072
847073
604893
185022
97766
756073
45411
458377
583101
34789
203687
13274
167226
761272
826354
984730
731627
300073
311659
615249
472964
986970
466926
341088
737427
120716
431619
184264
645513
438198
930941
35400
834781
980901
326682
597124
527997
148220
640022
598486
920242
777141
835268
388005
570922
287988
174001
166219
85262
292388
375861
928204
874728
572292
655230
652358
7851
442304
393796
993391
857126
742564
719038
265508
772056
640422
353227
862351
72821
410806
1963
585762
96667
66735
56865
464056
887450
941398
297336
892532
98620
760555
94386
745056
800133
667540
16655
358081
766818
665200
343264
173235
327676
672622
780819
211771
650665
304395
152708
504583
418664
184598
123204
251183
447514
462163
565623
406567
615185
491615
687250
45233
916447
952802
28612
864333
290393
648998
365820
356860
107460
844889
362075
510986
848065
284216
538068
373115
556770
961468
760901
449876
113857
312801
987262
718282
230482
738455
439003
963420
344070
272246
737864
269530
267380
773286
781010
752987
527668
230911
300144
44669
821638
645845
114371
604390
907374
478981
60600
681504
556224
843700
465164
623498
895580
458490
806476
278339
587785
873681
910895
436512
810897
639456
622659
615162
933787
891830
393559
999434
111083
299156
649227
25032
762691
433749
106245
911260
48168
411559
437936
435202
997960
77388
816580
375425
921530
103970
895929
347523
76660
120296
740273
204031
354719
387898
54946
777639
913444
603365
828053
509401
271799
121190
154308
422515
370707
263112
579283
977472
499006
408456
775976
575838
785679
244507
745521
867572
167478
896820
19944
560803
355252
656399
537322
133106
342867
674026
958261
699830
429308
301566
197554
307684
557588
725932
855965
90738
13346
163410
54509
51223
171508
160423
897193
708905
31170
481340
418095
500555
736837
654773
404774
604953
148437
496875
932390
819065
793021
833484
791561
217482
207830
202485
247831
589903
767401
533649
731803
70384
576656
675214
126331
947286
907432
164842
290825
374274
957631
827115
342596
590441
420237
620598
1302
301564
463644
654519
994932
74693
245281
448487
124416
954718
7283
318182
88810
24263
135935
235835
584156
297204
305899
636328
506485
161272
975736
418105
313072
566698
52986
822634
725942
295510
505090
966986
997736
940050
56670
551173
902452
669490
884233
665202
462206
469548
396076
680359
176014
303311
768210
925097
177778
560025
217916
317981
233883
819654
358001
637295
506324
473211
358907
80126
793015
835161
551430
582300
860654
147506
678858
859451
318926
911027
761133
321317
649378
781079
813994
542015
945693
324133
627539
708761
834199
210638
639049
365175
53766
56095
954204
659195
695649
775787
78656
705935
120144
921109
955934
386153
510906
266374
923704
165439
962502
554336
356520
685940
460971
277874
347912
953073
170128
36124
112416
987215
560783
297082
278811
711066
660112
922060
7764
422333
210598
663007
779735
495225
567771
594989
68446
663095
138551
59014
511635
925246
323693
279407
553715
264587
86085
478427
585614
381721
367097
445721
156399
912584
336323
740032
86322
366868
571396
733308
196773
399060
809126
330656
432614
763920
723249
601870
304780
775144
713793
391802
984340
934621
299535
153648
438823
154533
467704
832195
717373
655725
254017
613337
863432
193115
901365
751701
961921
732569
176880
489944
512484
83553
814820
291325
661174
277981
596663
221384
820025
678097
279979
335090
857295
894821
444114
352572
350700
602917
333390
739546
361812
250426
947505
547815
811849
477234
953976
16732
817411
781242
478936
988267
279275
600519
470286
646328
608198
515923
121153
955240
718739
721072
791775
442812
325427
255190
974429
650147
135189
749217
108653
653392
745746
596709
473017
551862
931781
528446
954835
712484
528990
543293
230721
862271
310696
27741
778514
828533
92539
682688
185113
840803
797805
568402
414900
828951
369295
177247
59922
78723
223204
948627
105650
938955
406282
51746
415136
13957
739650
579148
959519
420080
10926
517654
804340
237240
710934
993187
998767
244158
902030
322104
808822
390372
552216
344035
185853
228541
72476
359884
707352
854363
753505
74941
308340
320700
36695
875588
499173
374301
624573
982760
871482
157949
121977
961349
133072
723446
281464
823342
332339
548368
79580
727453
307000
836207
550475
1165
369736
188944
114563
459469
670105
550621
144814
7247
505103
286337
424391
681244
89997
883140
966736
612706
946557
37624
392830
873269
117595
829595
690257
804326
874696
272000
714804
224078
450314
774385
237734
856663
595886
960456
690507
434189
444397
839906
13574
185212
238824
550471
177045
842131
977152
758262
8378
875174
920152
332744
935891
392088
209889
97279
136778
30355
554908
297005
364432
212682
52334
922866
422271
336723
737601
183933
849898
826435
379304
229746
892302
485154
369674
690200
233938
259441
300413
722586
296914
347913
959159
33703
126145
570773
33607
779564
14211
53372
768284
335975
54792
571162
183299
680405
755940
353527
234825
528841
693071
750475
473886
430904
936458
928829
342990
742331
649115
683532
239432
765986
818376
524858
869592
380888
558079
433774
220294
163321
798155
65383
681328
344898
464573
724342
467478
949531
444938
136328
508906
104579
733713
896071
405504
831014
155892
485184
873838
