502143
296138
305681
399309
370146
572125
980710
167889
441967
2772
985925
243746
594773
289563
89094
629731
963014
416896
265275
986024
48935
870712
527833
964725
586046
457946
953813
533582
472212
681420
966954
884601
402524
39845
20694
328934
926846
68869
183884
916352
532890
416666
773531
385776
12896
756342
101742
452776
810511
877470
608134
370558
264120
870365
134335
162940
663922
919236
863799
920933
822238
854149
498011
78969
420018
276781
569265
642499
737239
771218
400525
925578
500880
438592
114526
475221
491368
753160
267073
508744
236858
527448
133635
370950
594479
595366
413661
229931
268589
674771
133664
473453
348383
754702
827948
42262
760599
267589
654979
242343
127864
252998
967734
415065
899142
697027
997975
212323
776010
240264
737238
123175
396942
487228
801439
329163
961524
221545
51333
927419
977485
933613
7694
53789
595664
201316
647889
462678
61517
629390
999678
675918
656467
249322
58372
899938
128414
509207
945111
528626
17922
241778
896874
198727
475074
288867
632918
45262
131744
781826
877715
16363
344975
430005
337049
850121
659397
553153
221775
590398
650090
8635
492868
324271
402037
610695
361720
160675
758266
116469
221252
337942
126021
362305
106270
747411
68776
673927
985569
90890
131639
245320
673674
351693
348651
783723
916681
252142
662733
351906
254532
894814
52492
3961
591139
840515
504847
507114
14147
462836
98380
169614
297713
537336
369577
553528
694529
672810
822571
641328
77427
372749
912763
846435
226244
227031
85612
110426
72246
977030
484198
213400
10233
971757
752544
339036
967574
838307
956492
882171
779771
26788
19846
464249
563718
258099
230756
130812
202733
802310
311775
745203
761479
946073
266761
663972
634296
969420
718758
882008
497019
445431
735233
969189
680259
700725
200500
285417
411169
830326
639928
157151
481126
747430
26447
926143
288321
366723
507157
39805
877106
169323
176278
642743
550079
78105
990410
450229
864191
784049
673078
36951
338807
407431
987730
58166
1469
652103
71838
335395
976239
416748
619510
185140
679824
163925
575948
846579
832312
215880
664353
373041
412182
545517
504342
892055
889362
561574
300655
710099
555457
848982
81938
340677
536864
818532
251574
168155
124361
744397
776048
124854
381842
723725
681035
455118
607219
679420
651389
367703
110136
645400
438426
136538
943962
223041
466383
9
683658
278171
499652
30179
76442
659883
483372
995894
408804
965632
702183
127521
731234
151456
215422
606115
661183
91859
121776
546069
345072
30777
582370
217878
301807
233242
688511
266404
293086
46752
198767
720092
69903
12028
889803
657864
829986
624743
766368
502956
487517
842999
658042
46766
404356
459701
793843
470793
61036
14678
790525
831076
256215
8296
116342
697034
814818
796476
499332
895437
457991
696441
937592
600260
442061
513191
938799
330451
809078
908606
367162
770209
608082
778249
808247
710132
244126
75348
675574
822647
191154
327115
377630
431427
665214
425447
739895
912020
496061
142258
533741
869726
358077
219058
402481
780787
725528
811098
694654
354243
402527
528296
715522
474343
244679
308321
690043
217203
737236
881641
294047
100430
423682
643984
955034
420714
789034
338591
250048
261955
93736
68806
635258
515250
826873
810943
430372
42119
901554
778058
450751
933648
450622
697143
931038
670745
97508
305455
416362
874509
874842
146072
110650
250742
542577
48456
766316
278935
917705
516708
575538
173583
969267
616375
680612
654487
855199
850049
859303
102724
781652
942723
660875
750280
550796
419711
769416
653850
929697
353168
653360
337122
520720
677610
623521
150883
643015
30534
266728
596597
844980
161128
848107
86619
59218
568237
682275
873006
84329
178169
662206
166943
32016
553568
104254
792063
613293
336523
818761
67493
654221
372230
847963
262
29433
233929
626331
281701
280808
675534
413235
28817
549007
875249
723796
689104
87203
201656
141006
36077
549159
633163
330692
722846
447932
892366
300599
432330
666827
818789
945867
265260
670813
496642
705398
640897
114499
178633
717079
650446
871820
102557
204554
499421
122986
884272
954227
402756
25803
288863
648388
55268
671366
831185
508842
590078
478194
837666
175142
758929
914252
313131
992509
920838
452881
199611
916737
309344
966548
388483
56875
963623
341379
152968
471192
655049
955838
504924
207900
118322
808479
348035
739367
905046
502576
198910
876996
217713
999517
678268
973677
153317
38222
936310
721731
888371
384419
669528
136434
470874
621491
410622
378736
49838
23690
328870
915487
569256
162867
865182
141474
180929
291488
144271
994791
889383
217526
255758
285540
232105
340950
176700
427595
119670
756855
319953
14134
312808
846922
435942
209867
397308
578685
869806
246368
532657
811251
981585
401645
696610
266423
874004
721063
625434
465793
440567
393949
158351
857231
146124
138700
234742
558293
882695
168928
363978
629402
705281
314165
990253
556301
245541
650872
808621
669090
125624
562959
753451
554267
750128
495781
76800
126569
441055
793521
661780
918980
998795
917112
474731
322144
421601
28326
850094
958510
696667
395383
123150
111903
287832
326408
978322
149798
188124
369287
764548
173443
179730
329969
944251
710063
249681
255958
788731
121742
946428
907732
410342
547173
830675
398067
230608
615321
73210
617682
23466
874141
683188
785387
744114
862857
812190
961869
456490
22895
72581
648487
806178
190413
833069
655917
650601
242499
10074
272223
654630
579420
960380
385900
887283
516946
698760
626664
713977
335587
813625
775238
568850
687718
134465
663119
512921
298887
416713
534270
836445
416236
52866
372927
347559
254772
93101
15169
404404
771383
664260
956651
194146
456783
213050
644837
239902
477237
867402
701347
625342
420701
609398
958456
966776
106179
883816
413556
733843
400398
728254
206337
122437
752532
503978
505677
317302
205554
831027
756730
646779
971886
386791
83378
828450
271380
814190
767252
231991
21262
103738
631698
844319
140514
463189
847580
412165
685282
869144
147508
58477
767246
206894
686084
521633
223484
147933
815967
50180
304222
689020
863031
900912
223956
582293
578646
334340
281790
722891
323039
979178
398432
928660
190975
446237
340141
445988
229427
112177
604019
946421
616657
64847
924401
740667
173110
304465
626690
429745
856717
428727
602830
237448
958720
194902
511731
823948
560839
548340
918288
467307
440572
934288
476264
117796
18651
968739
933119
979349
131171
834068
689028
953155
378598
86502
877610
490281
554882
914986
452563
143399
192085
274845
562191
382102
569447
734620
572955
41964
630523
320803
463511
114387
127985
122688
952294
452482
972951
928384
644574
367606
204137
703036
689011
21874
211876
291622
919064
983854
853026
331216
221245
307828
875001
991403
920035
21421
630660
826557
298391
962055
410483
720009
983117
489596
844467
627641
815995
720744
733395
587251
4384
580109
357590
250076
799145
143598
781028
12117
683055
461631
919616
675498
69517
292891
174708
453837
809179
953721
246386
50676
381234
793919
335765
486274
506454
646644
